image: robohub_trial_empty2.pgm
resolution: 0.050000
origin: [-4.743447, -9.418289, 0.000000]
negate: 0
occupied_thresh: 0.65
free_thresh: 0.196

