image: robohub_trial_table_legs.pgm
resolution: 0.050000
origin: [-4.695217, -9.448771, 0.000000]
negate: 0
occupied_thresh: 0.65
free_thresh: 0.196

